000000000000000000000000000000000000000000000000000000000000
000000000000000000000000000000000000000000000000000000000000
000000000000000000000000000000000000000000000000000000000000
000000000000000000000000000000000000000000000000000000000000
000000000000000000000000000000000000000000000000000000000000
000000000000000000000000000000000000000000000000000000000000
000000000000000000000000000000000000000000000000000000000000
000000000000000000000000000000000000000000000000000000000000
000000000000000000000000000000000000000000000000000000000000
000000000000000000000000000000000000000000000000000000000000
000000000000000000000000000000000000000000000000000000000000
000000000000000000000000000000000000000000000000000000000000
000000000000000000000000000000000000000000000000000000000000
000000000000000000000001011000000000000000000000000000000000
000000000000000000000001001100000000000000000000000000000000
000000000000000000000001000010000000000000000000000000000000
000000000000000000000010000001000000000000000000000000000000
000000000000000000000010000000000000000000000000000000000000
000000000000000000000010000000100000000000000000000000000000
000000000000000000000000000000010000000000000000000000000000
000000000000000000000010000000001000000000000000000000000000
000000000000000000000000000000000100000000000000000000000000
000000000000000000000010010001010010010111100101100000000000
000000000000000000000010000000000010000000000000000000000000
000000000111001010110000000000000001100000000000000000000000
000000000000000000000100000000000000000000000000000000000000
000000000000000000000000000000000000010000000000000000000000
000000000000000000000100000000000000010000000000000000000000
000000000000000000000000000000000000000000000000000000000000
000000000000000000000000000000000000001000000000000000000000
000000000000000000001000000000000000001000000000000000000000
000000000000000000000000000000000000000000000000000000000000
000000000000000000000000000000000000000100000000000000000000
000000000000000000000000000000000000000010000000000000000000
000000000000000000010000000000000000000000000000000000000000
000000000000000000000000000000000000000000100000000000000000
000000000000000000000000000000000000000000010000000000000000
000000000000000000010000000000000000000000001000000000000000
000000000000000000000000000000000000000000000100000000000000
000000000000000000000000000000000000000000000010000000000000
000000000000000000100000000000000000000000000001000000000000
000000000000000000000000000000000000000000000000000000000000
000000000000000000100000000000000000000000000000000000000000
000000000000000000000000000000000000000000000000000000000000
000000000000000000100000000000000000000000000000000000000000
000000000000000000000000000000000000000000000000000000000000
000000000000000000100000000000000000000000000000000000000000
000000000000000000000000000000000000000000000000000000000000
000000000000000000000000000000000000000000000000000000000000
000000000000000000000000000000000000000000000000000000000000
000000000000000000000000000000000000000000000000000000000000
000000000000000000000000000000000000000000000000000000000000
000000000000000000000000000000000000000000000000000000000000
000000000000000000000000000000000000000000000000000000000000
000000000000000000000000000000000000000000000000000000000000
000000000000000000000000000000000000000000000000000000000000
000000000000000000000000000000000000000000000000000000000000
000000000000000000000000000000000000000000000000000000000000
000000000000000000000000000000000000000000000000000000000000
000000000000000000000000000000000000000000000000000000000000
