000000000000000000000000000000000000000000000000000000000000
000000000000000000000000000000000000000000000000000000000000
000000000000000000000000000000000000000000000000000000000000
000000000000000000000000000000000000000000000000000000000000
000000000000000000000000000000000000000000000000000000000000
000000000000000000000000000000000000000000000000000000000000
000000000000000000000000000000000000000000000000000000000000
000000000000000000000000000000000000000000000000000000000000
000000000000000000000000000000000000000000000000000000000000
000000000000000000000000000000000000000000000000000000000000
000000000000000000000000000000000000000000000000000000000000
000000000000000000000000000000000000000000000000000000000000
000000000000000000000000000000000000000000000000000000000000
000000000000000000000000000000000000000000000000000000000000
000000000000000000000000000000000000000000000000000000000000
000000000000000000000000000000000000000000000000000000000000
000000000000000000011111110000000000000000000000000000000000
000000000000000010110000001000000000000000000000000000000000
000000000000000011000000000100000000000000000000000000000000
000000000000000011000000000110000000000000000000000000000000
000000000000000001000000000110000000000000000000000000000000
000000000000000010000000000100000000000000000000000000000000
000000000000000010000000111000000000000000000000000000000000
000000000000000010000011100000000000000000000000000000000000
000000000000000011111110000000000000000000000000000000000000
000000000000000010000110000000000000000000000000000000000000
000000000000000010000001100000000000000000000000000000000000
000000000000000010000000011110000000000000000000000000000000
000000000000000010000000000011000000000000000000000000000000
000000000000000010000000000000100000000000000000000000000000
000000000000000010000000000000110000000000000000000000000000
000000000000000010000000000000010000000000000000000000000000
000000000000000010000000000000001000000000000000000000000000
000000000000000010000000000000001000000000000000000000000000
000000000000000010000000000000001000000000000000000000000000
000000000000000010000000000000011000000000000000000000000000
000000000000000010000000000111110000000000000000000000000000
000000000000000011111111111000000000000000000000000000000000
000000000000000010000000000000000000000000000000000000000000
000000000000000011000000000000000000000000000000000000000000
000000000000000011000000000000000000000000000000000000000000
000000000000000001000000000000000000000000000000000000000000
000000000000000001000000000000000000000000000000000000000000
000000000000000000000000000000000000000000000000000000000000
000000000000000000000000000000000000000000000000000000000000
000000000000000000000000000000000000000000000000000000000000
000000000000000000000000000000000000000000000000000000000000
000000000000000000000000000000000000000000000000000000000000
000000000000000000000000000000000000000000000000000000000000
000000000000000000000000000000000000000000000000000000000000
000000000000000000000000000000000000000000000000000000000000
000000000000000000000000000000000000000000000000000000000000
000000000000000000000000000000000000000000000000000000000000
000000000000000000000000000000000000000000000000000000000000
000000000000000000000000000000000000000000000000000000000000
000000000000000000000000000000000000000000000000000000000000
000000000000000000000000000000000000000000000000000000000000
000000000000000000000000000000000000000000000000000000000000
000000000000000000000000000000000000000000000000000000000000
000000000000000000000000000000000000000000000000000000000000
