000000000000000000000000000000000000000000000000000000000000
000000000000000000000000000000000000000000000000000000000000
000000000000000000000000000000000000000000000000000000000000
000000000000000000000000000000000000000000000000000000000000
000000000000000000000000000000000000000000000000000000000000
000000000000000000000000000000000000000000000000000000000000
000000000000000000000000000000000000000000000000000000000000
000000000000000000000000000000000000000000000000000000000000
000000000000000000000000000000000000000000000000000000000000
000000000001000000000000000000000000000000000000000000000000
000000000001000000000000000000000100000000000000000000000000
000000000001000000000000000000000100000000000000000000000000
000000000000100000000000000000000100000000000000000000000000
000000000000100000000000000000000100000000000000000000000000
000000000000100000000000000000000100000000000000000000000000
000000000000100000000000000000000100000000000000000000000000
000000000000100000000000000000000100000000000000000000000000
000000000000100000000000000000000000000000000000000000000000
000000000000100000000000000000000100000000000000000000000000
000000000000100000000000000000000100000000000000000000000000
000000000000100000000000000000000000000000000000000000000000
000000000000100000000000000000000100000000000000000000000000
000000000000100000000000000000000100000000000000000000000000
000000000000100000000000000000000100000000000000000000000000
000000000000100000000000000000000100000000000000000000000000
000000000000100000000000000000000100000000000000000000000000
000000000000100000000000000000000100000000000000000000000000
000000000000100000000000000001111100000000000000000000000000
000000000000100000111111111111000100000000000000000000000000
000000000000111111000000000000000100000000000000000000000000
000000000000110000000000000000000100000000000000000000000000
000000000000010000000000000000000100000000000000000000000000
000000000000010000000000000000000100000000000000000000000000
000000000000010000000000000000000100000000000000000000000000
000000000000010000000000000000000100000000000000000000000000
000000000000010000000000000000000100000000000000000000000000
000000000000010000000000000000000100000000000000000000000000
000000000000010000000000000000000100000000000000000000000000
000000000000010000000000000000000100000000000000000000000000
000000000000010000000000000000000100000000000000000000000000
000000000000010000000000000000000000000000000000000000000000
000000000000000000000000000000000000000000000000000000000000
000000000000000000000000000000000000000000000000000000000000
000000000000000000000000000000000000000000000000000000000000
000000000000000000000000000000000000000000000000000000000000
000000000000000000000000000000000000000000000000000000000000
000000000000000000000000000000000000000000000000000000000000
000000000000000000000000000000000000000000000000000000000000
000000000000000000000000000000000000000000000000000000000000
000000000000000000000000000000000000000000000000000000000000
000000000000000000000000000000000000000000000000000000000000
000000000000000000000000000000000000000000000000000000000000
000000000000000000000000000000000000000000000000000000000000
000000000000000000000000000000000000000000000000000000000000
000000000000000000000000000000000000000000000000000000000000
000000000000000000000000000000000000000000000000000000000000
000000000000000000000000000000000000000000000000000000000000
000000000000000000000000000000000000000000000000000000000000
000000000000000000000000000000000000000000000000000000000000
000000000000000000000000000000000000000000000000000000000000
