000000000000000000000000000000000000000000000000000000000000
000000000000000000000000000000000000000000000000000000000000
000000000000000000000000000000000000000000000000000000000000
000000000000000000000000000000000000000000000000000000000000
000000000000000000000000000000000000000000000000000000000000
000000000000000000000000000000000000000000000000000000000000
000000000000000000000000000000000000000000000000000000000000
000000000000000000000000000000000000000000000000000000000000
000000000000000000000000000000000000000000000000000000000000
000000000000000000000000000000000000000000000000000000000000
000000000000000000000000000000000000000000000000000000000000
000000000000000000000000000000000000000000000000000000000000
000000000000000000000000000000000000000000000000000000000000
000000000000000000000000000000000000000000000000000000000000
000000000000000000000000000000000000000000000000000000000000
000000000001111111010000000000000000000000000000000000000000
000000000000000000001111100000000000000000000000000000000000
000000000000000000000000011111111100000000011100000000000000
000000000000000000000000000010000011111111100000000000000000
000000000000000000000000000010000000000000000000000000000000
000000000000000000000000000010000000000000000000000000000000
000000000000000000000000000010000000000000000000000000000000
000000000000000000000000000010000000000000000000000000000000
000000000000000000000000000010000000000000000000000000000000
000000000000000000000000000000000000000000000000000000000000
000000000000000000000000000100000000000000000000000000000000
000000000000000000000000000100000000000000000000000000000000
000000000000000000000000000100000000000000000000000000000000
000000000000000000000000000100000000000000000000000000000000
000000000000000000000000000100000000000000000000000000000000
000000000000000000000000000100000000000000000000000000000000
000000000000000000000000001000000000000000000000000000000000
000000000000000000000000001000000000000000000000000000000000
000000000000000000000000001000000000000000000000000000000000
000000000000000000000000001000000000000000000000000000000000
000000000000000000000000001000000000000000000000000000000000
000000000000000000000000001000000000000000000000000000000000
000000000000000000000000001000000000000000000000000000000000
000000000000000000000000001000000000000000000000000000000000
000000000000000000000000001000000000000000000000000000000000
000000000000000000000000001000000000000000000000000000000000
000000000000000000111111111111111111110000000000000000000000
000000000000000000000000000000000000000000000000000000000000
000000000000000000000000000000000000000000000000000000000000
000000000000000000000000000000000000000000000000000000000000
000000000000000000000000000000000000000000000000000000000000
000000000000000000000000000000000000000000000000000000000000
000000000000000000000000000000000000000000000000000000000000
000000000000000000000000000000000000000000000000000000000000
000000000000000000000000000000000000000000000000000000000000
000000000000000000000000000000000000000000000000000000000000
000000000000000000000000000000000000000000000000000000000000
000000000000000000000000000000000000000000000000000000000000
000000000000000000000000000000000000000000000000000000000000
000000000000000000000000000000000000000000000000000000000000
000000000000000000000000000000000000000000000000000000000000
000000000000000000000000000000000000000000000000000000000000
000000000000000000000000000000000000000000000000000000000000
000000000000000000000000000000000000000000000000000000000000
000000000000000000000000000000000000000000000000000000000000
