000000000000000000000000000000000000000000000000000000000000
000000000000000000000000000000000000000000000000000000000000
000000000000000000000000000000000000000000000000000000000000
000000000000000000000000000000000000000000000000000000000000
000000000000000000000000000000000000000000000000000000000000
000000000000000000000000000000000000000000000000000000000000
000000000000000000000000000000000000000000000000000000000000
000000000000000000000000000000000000000000000000000000000000
000000000000000000000000000000000000000000000000000000000000
000000000000000000000000000000000000000000000000000000000000
000000000000000000000000000000000000000000000000000000000000
000000000111111111111101110111111111110000000000000000000000
000000000000000000000000100000000000000000000000000000000000
000000000000000000000000100000000000000000000000000000000000
000000000000000000000000100000000000000000000000000000000000
000000000000000000000000100000000000000000000000000000000000
000000000000000000000000100000000000000000000000000000000000
000000000000000000000000100000000000000000000000000000000000
000000000000000000000001100000000000000000000000000000000000
000000000000000000000001000000000000000000000000000000000000
000000000000000000000001000000000000000000000000000000000000
000000000000000000000001000000000000000000000000000000000000
000000000000000000000001000000000000000000000000000000000000
000000000000000000000001000000000000000000000000000000000000
000000000000000000000010000000000000000000000000000000000000
000000000000000000000010000000000000000000000000000000000000
000000000000000000000010000000000000000000000000000000000000
000000000000000000000010000000000000000000000000000000000000
000000000000000000000010000000000000000000000000000000000000
000000000000000000000010000000000000000000000000000000000000
000000000000000000000010000000000000000000000000000000000000
000000000000000000000010000000000000000000000000000000000000
000000000000000000000010000000000000000000000000000000000000
000000000000000000000011000000000000000000000000000000000000
000000000000000000000001000000000000000000000000000000000000
000000000000000000000001000000000000000000000000000000000000
000000000000000000000001000000000000000000000000000000000000
000000000000000000000011000000000000000000000000000000000000
000000000001000000000010000000000000000000000000000000000000
000000000001100000001110000000000000000000000000000000000000
000000000000110000011000000000000000000000000000000000000000
000000000000001111100000000000000000000000000000000000000000
000000000000000000000000000000000000000000000000000000000000
000000000000000000000000000000000000000000000000000000000000
000000000000000000000000000000000000000000000000000000000000
000000000000000000000000000000000000000000000000000000000000
000000000000000000000000000000000000000000000000000000000000
000000000000000000000000000000000000000000000000000000000000
000000000000000000000000000000000000000000000000000000000000
000000000000000000000000000000000000000000000000000000000000
000000000000000000000000000000000000000000000000000000000000
000000000000000000000000000000000000000000000000000000000000
000000000000000000000000000000000000000000000000000000000000
000000000000000000000000000000000000000000000000000000000000
000000000000000000000000000000000000000000000000000000000000
000000000000000000000000000000000000000000000000000000000000
000000000000000000000000000000000000000000000000000000000000
000000000000000000000000000000000000000000000000000000000000
000000000000000000000000000000000000000000000000000000000000
000000000000000000000000000000000000000000000000000000000000
