000000000000000000000000000000000000000000000000000000000000
000000000000000000000000000000000000000000000000000000000000
000000000000000000000000000000000000000000000000000000000000
000000000000000000000000000000000000000000000000000000000000
000000000000000000000000000000000000000000000000000000000000
000000000000000000000000000000000000000000000000000000000000
000001100000000000000000000000000000000000000000000000000000
000000100000000000000000000000000000000000000000000000000000
000000100000000000000000000000000000000000000000000000000000
000000100000000000000000000000000000000000000000000000000000
000000100000000000000000000000000000000000000000000000000000
000000100000000000000000000000000000000000000000000000000000
000000100000000000000000000000000000000000000000000000000000
000000100000000000000000000000000000000000000000000000000000
000000100000000000000000000000000000000000000000000000000000
000000100000000000000000000000000000000000000000000000000000
000000100000000000000000000000000000000000000000000000000000
000000100000000000000000000000000000000000000000000000000000
000000100000000000000000000000000000000000000000000000000000
000000100000000000000000000000000000000000000000000000000000
000000100000000000000000000000000000000000000000000000000000
000000100000000000000000000000000000000000000000000000000000
000000100000000000000000000000000000000000000000000000000000
000000100000000000000000000000000000000000000000000000000000
000000100000000000000000000000000000000000000000000000000000
000000100000000000000000000000000000000000000000000000000000
000000100000000000000000000000000000000000000000000000000000
000000100000000000000000000000000000000000000000000000000000
000000100000000000000000000000000000000000000000000000000000
000000100000000000000000000000000000000000000000000000000000
000000100000000000000000000000000000000000000000000000000000
000000100000000000000000000000000000000000000000000000000000
000000100000000000000000000000000000000000000000000000000000
000000100000000000000000000000000000000000000000000000000000
000000100000000000000000000000000000000000000000000000000000
000000100000000000000000000000000000000000000000000000000000
000000100000000000000000000000000000000000000000000000000000
000000100000000000000000000000000000000000000000000000000000
000000100000000000000000000000000000000000000000000000000000
000000100000000000000000000000000000000000000000000000000000
000000100000000000000000000000000000000000000000000000000000
000000100000000000000000000000000000000000000000000000000000
000000100000000000000000000000000000000000000000000000000000
000000111111111111111110000000000111111000000000000000000000
000000000000000000000001111111111000000000000000000000000000
000000000000000000000000000000000000000000000000000000000000
000000000000000000000000000000000000000000000000000000000000
000000000000000000000000000000000000000000000000000000000000
000000000000000000000000000000000000000000000000000000000000
000000000000000000000000000000000000000000000000000000000000
000000000000000000000000000000000000000000000000000000000000
000000000000000000000000000000000000000000000000000000000000
000000000000000000000000000000000000000000000000000000000000
000000000000000000000000000000000000000000000000000000000000
000000000000000000000000000000000000000000000000000000000000
000000000000000000000000000000000000000000000000000000000000
000000000000000000000000000000000000000000000000000000000000
000000000000000000000000000000000000000000000000000000000000
000000000000000000000000000000000000000000000000000000000000
000000000000000000000000000000000000000000000000000000000000
