000000000000000000000000000000000000000000000000000000000000
000000000000000000000000000000000000000000000000000000000000
000000000000000000000000000000000000000000000000000000000000
000000000000000000000000000000000000000000000000000000000000
000000000000000000000000000000000000000000000000000000000000
000000000000000000000000000000000000001100000000000000000000
000000000000000000000000000000000000010011110000000000000000
000000000000000000000000000000000000010000001000000000000000
000000000000000000000000000000111111010000001100000000000000
000000000000000000000000000011100001110000000000000000000000
000000000000000000000000000100000000000000000010000000000000
000000000000000000000000001000000000000000000001000000000000
000000000000000000000000010000000000000000000001000000000000
000000000000000000000000000000000000000000000000100000000000
000000000000000000000001100000000000000000000000100000000000
000000000000000000000000000000000000000000000000110000000000
000000000000000000000010000000000000000000000000010000000000
000000000000000000000100000000000000000000000000001000000000
000000000000000000001000000000000000000000000000001000000000
000000000000000000001000000000000000000000000000001000000000
000000000000000000010000000000000000000000000000000100000000
000000000000000000010000000000000000000000000000000000000000
000000000000000000010000000000000000000000000000000100000000
000000000000000000100000000000000000000000000000000100000000
000000000000000000100000000000000000000000000000000100000000
000000000000000000100000000000000000000000000000000100000000
000000000000000001000000000000000000000000000000000000000000
000000000000000001000000000000000000000000000000000000000000
000000000000000000000000000000000000000000000000001000000000
000000000000000001000000000000000000000000000000001000000000
000000000000000001000000000000000000000000000000000000000000
000000000000000000100000000000000000000000000000001000000000
000000000000000000100000000000000000000000000000010000000000
000000000000000000100000000000000000010000000000010000000000
000000000000000000100000000000000000010000000000100000000000
000000000000000000100000000000000000001000000000100000000000
000000000000000000110000000000000000001000000001000000000000
000000000000000000010000000000000000001000000001000000000000
000000000000000000010000000000000000000100000000000000000000
000000000000000000010000000000000000000100000010000000000000
000000000000000000001000000000000000000010000000000000000000
000000000000000000001000000000000000000010000100000000000000
000000000000000000000110000000000000000001001000000000000000
000000000000000000000001000000000000000001110000000000000000
000000000000000000000000110000000000000010001000000000000000
000000000000000000000000001000000000011000000100000000000000
000000000000000000000000000111010111100000000100000000000000
000000000000000000000000000000000000000000000110000000000000
000000000000000000000000000000000000000000000010000000000000
000000000000000000000000000000000000000000000010000000000000
000000000000000000000000000000000000000000000001000000000000
000000000000000000000000000000000000000000000000100000000000
000000000000000000000000000000000000000000000000110000000000
000000000000000000000000000000000000000000000000010000000000
000000000000000000000000000000000000000000000000000000000000
000000000000000000000000000000000000000000000000000000000000
000000000000000000000000000000000000000000000000000000000000
000000000000000000000000000000000000000000000000000000000000
000000000000000000000000000000000000000000000000000000000000
000000000000000000000000000000000000000000000000000000000000
