000000000000000000000000000000000000000000000000000000000000
000000000000000000000000000000000000000000000000000000000000
000000000000000000000000000000000000000000000000000000000000
000000000000000000000000000000000000000000000000000000000000
000000000000000000000000000000000000000000000000000000000000
000000000000000000000000000000000000000000000000000000000000
000000000000000000000000000000000000000000000000000000000000
000000000000000000000000000000000000000000000000000000000000
000000000000000000000000000000000000000000000000000000000000
000000000000000000111000000000000000000000000000000000000000
000000000000001111101100000000000000000000000000000000000000
000000000000001000000100000000000000000000000000000000000000
000000000000010000000110000000000000000000000000000000000000
000000000000010000000010000000000000000000000000000000000000
000000000000010000000010000000000000000000000000000000000000
000000000000010000000010000000000000000000000000000000000000
000000000000010000000100000000000000000000000000000000000000
000000000000010000000100000000000000000000000000000000000000
000000000000010000001000000000000000000000000000000000000000
000000000000010000001000000000000000000000000000000000000000
000000000000010000010000000000000000000000000000000000000000
000000000000010000100000000000000000000000000000000000000000
000000000000010011100000000000000000000000000000000000000000
000000000000011110000000000000000000000000000000000000000000
000000000000010100000000000000000000000000000000000000000000
000000000000010100000000000000000000000000000000000000000000
000000000000010010000000000000000000000000000000000000000000
000000000000010001000000000000000000000000000000000000000000
000000000000010000000000000000000000000000000000000000000000
000000000000010000011000000000000000000000000000000000000000
000000000000010000000100000000000000000000000000000000000000
000000000000000000000011000000000000000000000000000000000000
000000000000010000000001000000000000000000000000000000000000
000000000000010000000000100000000000000000000000000000000000
000000000000010000000000010000000000000000000000000000000000
000000000000010000000000010000000000000000000000000000000000
000000000000010000000000001000000000000000000000000000000000
000000000000010000000000001000000000000000000000000000000000
000000000000010000000000000100000000000000000000000000000000
000000000000000000000000000010000000000000000000000000000000
000000000000010000000000000001000000000000000000000000000000
000000000000000000000000000000100000000000000000000000000000
000000000000010000000000000000010000000000000000000000000000
000000000000010000000000000000001000000000000000000000000000
000000000000011000000000000000000100000000000000000000000000
000000000000001000000000000000000100000000000000000000000000
000000000000001000000000000000000010000000000000000000000000
000000000000001000000000000000000001000000000000000000000000
000000000000000000000000000000000000100000000000000000000000
000000000000000000000000000000000000011000000000000000000000
000000000000000000000000000000000000001100000000000000000000
000000000000000000000000000000000000000011000000000000000000
000000000000000000000000000000000000000001000000000000000000
000000000000000000000000000000000000000000100000000000000000
000000000000000000000000000000000000000000100000000000000000
000000000000000000000000000000000000000000000000000000000000
000000000000000000000000000000000000000000000000000000000000
000000000000000000000000000000000000000000000000000000000000
000000000000000000000000000000000000000000000000000000000000
000000000000000000000000000000000000000000000000000000000000
