000000000000000000000000000000000000000000000000000000000000
000000000000000000000000000000000000000000000000000000000000
000000000000000000000000000000000000000000000000000000000000
000000000000000000000000000000000000000000000000000000000000
000000000000000000000000000000000000000000000000000000000000
000000000000000000000000000000000000000000000000000000000000
000000000000000000000000000000000000000000000000000000000000
000000000000000000000000000000000111110000000000000000000000
000000000000000000000000000000001100001011110000000000000000
000000000000000000000000000000110000000000001100000000000000
000000000000000000000000000001100000000000000011100000000000
000000000000000000000000000001000000000000000000111000000000
000000000000000000000000000010000000000000000000000000000000
000000000000000000000000000010000000000000000000000000000000
000000000000000000000000000010000000000000000000000000000000
000000000000000000000000000010000000000000000000000000000000
000000000000000000000000000010000000000000000000000000000000
000000000000000000000000000010000000000000000000000000000000
000000000000000000000000000010000000000000000000000000000000
000000000000000000000000000010000000000000000000000000000000
000000000000000000000000000001100000000000000000000000000000
000000000000000000000000000000010000000000000000000000000000
000000000000000000000000000000001110101010111100000000000000
000000000000000000000000000000000000000000000010010000000000
000000000000000000000000000000000000000000000000000110000000
000000000000000000000000000000000000000000000000000011000000
000000000000000000000000000000000000000000000000000001000000
000000000000000000000000000000000000000000000000000001000000
000000000000000000000000000000000000000000000000000001000000
000000000000000000000000000000000000000000000000000001000000
000000000000000000000000000000000000000000000000000010000000
000000000000000000000000000000000000000000000000000110000000
000000000000000000000000000000000000000000000000001000000000
000000000000000000000011000000000000000000000000100000000000
000000000000000000000000100000000000000000000011000000000000
000000000000000000000000110000000000000000001100000000000000
000000000000000000000000001000000000000000010000000000000000
000000000000000000000000000000000000000001000000000000000000
000000000000000000000000000010100000000010000000000000000000
000000000000000000000000000000001111111000000000000000000000
000000000000000000000000000000000000000000000000000000000000
000000000000000000000000000000000000000000000000000000000000
000000000000000000000000000000000000000000000000000000000000
000000000000000000000000000000000000000000000000000000000000
000000000000000000000000000000000000000000000000000000000000
000000000000000000000000000000000000000000000000000000000000
000000000000000000000000000000000000000000000000000000000000
000000000000000000000000000000000000000000000000000000000000
000000000000000000000000000000000000000000000000000000000000
000000000000000000000000000000000000000000000000000000000000
000000000000000000000000000000000000000000000000000000000000
000000000000000000000000000000000000000000000000000000000000
000000000000000000000000000000000000000000000000000000000000
000000000000000000000000000000000000000000000000000000000000
000000000000000000000000000000000000000000000000000000000000
000000000000000000000000000000000000000000000000000000000000
000000000000000000000000000000000000000000000000000000000000
000000000000000000000000000000000000000000000000000000000000
000000000000000000000000000000000000000000000000000000000000
000000000000000000000000000000000000000000000000000000000000
