000000000000000000000000000000000000000000000000000000000000
000000000000000000000000000000000000000000000000000000000000
000000000000000000000000000000000000000000000000000000000000
000000000000000000000000000000000000000000000000000000000000
000000000000000000000000000000000000000000000000000000000000
000000000000000000000000000000000000000000000000000000000000
000000000000000000000000000000000000000000000000000000000000
000000000000000000000000000000000000000000000000000000000000
000000000000000000000000000000000000000000000000000000000000
000000000000000000000000000000000000000000000000000000000000
000000000000000000000000000000000000000000000000000000000000
000000000000000000000000000000000000000000000000000000000000
000000001000000000000000000000000000000000000000000000000000
000000010000000000000000000000000000000000000000000000000000
000000010000000000000000000000100000000000000000000000000000
000000000000000000000000000001100000000000000000000000000000
000000010000000000000000000001100000000000000000000000000000
000000010000000000000000000001100000000000000000000000000000
000000000000000000000000000001100000000000000000000000000000
000000010000000000000000000001100000000000000000000000000000
000000010000000000000000000001100000000000000000000000000000
000000010000000000000000000001100000000000000000000000000000
000000010000000000000000000001100000000000000000000000000000
000000010000000000000000000001000000000000000000000000000000
000000010000000000000000000001100000000000000000000000000000
000000000000000000000000000001100000000000000000000000000000
000000100000000000000000000001100000000000000000000000000000
000000100000000000000000000001100000000000000000000000000000
000000100000000000000000000001100000000000000000000000000000
000000100000000000000000000001100000000000000000000000000000
000000100000000000000000000001100000000000000000000000000000
000000100000000000000000000001100000000000000000000000000000
000000100000000000000000000001100000000000000000000000000000
000000000000000000000000000001000000000000000000000000000000
000000100000000000000000000001100000000000000000000000000000
000000100000000000000000000001000000000000000000000000000000
000000100000000000000000000001100000000000000000000000000000
000000100000000000000000000001100000000000000000000000000000
000000100000000000000000000001000000000000000000000000000000
000000100000000000000000000001000000000000000000000000000000
000000100000000000000000000001100000000000000000000000000000
000000100000000000000000000010100000000000000000000000000000
000000100000000000000000000010100000000000000000000000000000
000000100000000000000000000110010000000000000000000000000000
000000110000000000000000000100010000000000000000000000000000
000000011000000000000000001000010000000000000000000000000000
000000000111000000000000110000010000000000000000000000000000
000000000001111011111111100000010000000000000000000000000000
000000000000000000000000000000010000000000000000000000000000
000000000000000000000000000000000000000000000000000000000000
000000000000000000000000000000000000000000000000000000000000
000000000000000000000000000000000000000000000000000000000000
000000000000000000000000000000000000000000000000000000000000
000000000000000000000000000000000000000000000000000000000000
000000000000000000000000000000000000000000000000000000000000
000000000000000000000000000000000000000000000000000000000000
000000000000000000000000000000000000000000000000000000000000
000000000000000000000000000000000000000000000000000000000000
000000000000000000000000000000000000000000000000000000000000
000000000000000000000000000000000000000000000000000000000000
